ID	len	Taes_R_1	Taes_R_2	Taes_R_3	Taes_R_4	Taes_R_5	Taes_R_6	Taes_R_7	Taes_R_8	Taes_R_9	Taes_R_10	Taes_R_11	Taes_R_12	avg	median	STD
RLC_Ada	6113	407.261	184.132	247.166	274.320	263.221	267.223	362.089	268.954	296.500	302.147	258.430	290.491	285.161	274.3196	53.867
RLC_Ale	5127	136.400	97.575	202.606	110.561	163.460	331.191	260.305	150.680	163.164	197.559	149.300	195.381	179.848	163.4599	62.075
RLC_Angela	25985	1724.557	1229.245	1454.559	1499.734	1480.995	1420.243	1822.643	1286.777	1573.888	1496.127	1677.846	1566.524	1519.428	1499.7335	163.065
RLC_Bianca	6711	12.505	3.727	3.518	7.039	4.995	6.406	9.701	2.952	6.925	0.000	2.427	13.569	6.147	6.4056	3.932
RLC_Claudia	7657	372.631	182.936	299.072	286.865	358.996	221.760	391.103	258.699	309.546	245.111	263.748	222.995	284.455	286.8647	62.054
RLC_HORPIA2	5134	38.140	19.488	18.394	156.414	58.765	154.903	196.547	138.899	230.833	92.842	149.097	168.508	118.569	149.0968	68.212
RLC_Herman	5712	210.580	126.993	194.255	124.047	176.063	154.280	472.989	464.697	414.950	161.679	116.902	135.514	229.413	176.0628	131.292
RLC_Hopscotch	3154	0.000	0.000	0.000	0.000	0.000	0.000	0.000	0.000	0.000	0.000	0.000	0.000	0.000	0.0000	0.000
RLC_Ida	4091	75.214	55.028	98.103	115.466	147.495	94.571	63.653	87.156	51.121	58.256	63.697	105.734	84.625	87.1559	27.834
RLC_Inga	13838	246.618	195.218	232.022	204.815	171.996	243.860	385.773	304.902	384.544	262.644	350.727	338.911	276.836	262.6438	71.075
RLC_Liuling	4928	0.000	0.000	0.000	0.000	0.000	0.000	0.000	0.000	0.000	0.000	0.000	0.000	0.000	0.0000	0.000
RLC_Oref	4983	0.000	15.059	4.738	9.480	6.727	4.313	6.532	15.901	13.990	5.979	3.268	13.706	8.308	6.7273	5.002
RLC_TAR1	6488	573.427	393.242	574.922	382.236	434.013	390.918	290.990	283.940	325.923	413.250	542.212	607.054	434.344	413.2495	108.870
RLG_Abbie	7090	213.052	127.007	173.149	149.906	208.037	215.242	238.736	234.686	298.249	117.650	225.116	186.240	198.923	213.0518	49.134
RLG_Abia	17242	163.859	137.818	219.076	250.678	161.371	260.539	420.997	399.802	409.704	236.708	340.993	322.177	276.977	260.5395	96.197
RLG_Abiba	14580	3.837	6.862	6.477	8.100	0.000	2.948	8.930	4.076	6.375	6.130	6.702	6.246	5.557	6.3751	2.345
RLG_Abigail	39667	212.968	140.620	221.399	233.405	218.879	218.369	343.832	301.121	314.578	192.261	225.819	235.313	238.214	225.8186	53.583
RLG_Abilene	6304	31.061	15.871	37.450	33.719	21.270	34.096	108.434	43.991	84.780	42.531	64.588	21.668	44.955	37.4495	26.537
RLG_Adara	12928	2.164	5.804	1.826	9.135	10.372	3.325	7.554	9.193	7.190	0.000	5.039	1.761	5.280	5.8044	3.304
RLG_Cereba	15628	4845.320	3277.910	4282.647	3087.577	4937.833	3465.869	3938.669	4094.047	3968.525	3179.606	2922.140	3258.778	3771.577	3938.6692	650.956
RLG_Daniela	13686	253.445	339.944	413.997	536.706	435.991	530.830	1507.905	1133.284	1197.007	491.940	838.956	748.563	702.381	536.7063	375.076
RLG_Demeter	688	1423.041	436.278	617.656	995.548	828.314	781.028	709.683	1094.079	1080.800	649.506	710.165	595.630	826.811	781.0278	263.070
RLG_Derami	8956	718.375	374.249	553.564	319.098	613.853	403.190	461.584	455.624	480.000	345.939	361.881	427.059	459.535	455.6242	113.195
RLG_Egug	8084	3889.356	2614.573	3399.298	2693.751	3300.815	3081.570	3132.670	3048.230	3483.857	2756.487	3011.906	2827.481	3103.333	3081.5703	354.141
RLG_Fatima	19445	188.452	124.777	123.838	99.600	131.021	95.062	123.875	123.263	130.257	107.243	122.284	96.006	122.140	123.8382	23.633
RLG_Haight	13085	0.000	0.000	0.000	0.000	0.000	0.000	0.000	1.514	5.328	0.000	1.245	1.740	0.819	0.0000	1.506
RLG_Hawi	12249	16899.301	10704.511	13622.552	9085.682	13555.082	9428.251	10547.313	9586.526	9580.203	8711.754	8699.670	8449.306	10739.179	9586.5256	2497.770
RLG_Heidi	1577	283.809	63.445	164.673	104.838	255.084	122.666	206.410	138.170	235.761	132.235	92.947	187.674	165.643	164.6734	65.937
RLG_Ifis	14015	113.768	87.453	87.594	176.949	98.067	164.099	510.965	228.968	378.029	174.302	297.491	230.668	212.363	176.9494	123.644
RLG_Latidu	15745	14637.587	9805.137	12422.598	8662.878	13828.369	8439.200	8517.574	8417.867	7470.737	7140.685	7314.163	7166.067	9485.239	8517.5744	2543.510
RLG_Laura	12404	701.352	441.624	599.531	403.671	524.293	441.869	621.939	522.203	560.136	381.870	449.046	449.673	508.101	522.2034	93.265
RLG_Lila	15160	40.594	54.448	46.718	137.100	17.690	144.616	259.805	201.222	180.870	100.219	151.477	136.658	122.618	137.0996	69.978
RLG_Lisa	14724	24.698	16.988	33.671	43.310	38.704	58.391	156.962	92.828	85.222	54.628	57.518	63.394	60.526	57.5180	36.151
RLG_Nusif	19580	290.015	190.346	217.031	247.283	208.873	222.843	458.836	281.246	327.552	206.922	326.894	270.916	270.730	270.9165	72.074
RLG_Olivia	5898	602.333	551.327	752.516	921.035	608.154	758.008	1539.788	1655.754	1465.622	863.718	1038.268	1019.040	981.297	921.0346	364.397
RLG_Quinta	9205	3980.936	4679.288	3436.715	4136.129	5546.392	6367.608	3949.942	4495.400	3170.661	3336.687	3404.143	4152.591	4221.374	4136.1293	911.065
RLG_Romana	10371	56.642	53.061	75.120	54.657	93.737	70.465	225.982	85.950	76.180	71.812	59.675	59.270	81.879	71.8125	45.134
RLG_Romani	10920	309.956	162.632	257.269	153.564	251.725	153.528	307.027	194.095	153.212	180.054	207.309	181.380	209.312	194.0952	55.673
RLG_Sabrina	22359	4531.414	2746.436	3641.693	2905.970	4094.527	3222.305	4281.580	4072.638	4611.275	2912.584	3392.191	3525.063	3661.473	3641.6935	622.718
RLG_Sumana	12483	5104.726	3442.505	4276.064	3229.739	4253.737	3152.712	4075.692	3570.403	3974.320	3090.519	2979.913	3206.211	3696.379	3570.4029	616.817
RLG_Sumaya	13744	16644.533	11027.022	13975.275	11346.999	16070.923	11233.308	15446.462	13301.333	14526.637	10350.012	9940.850	10243.505	12842.238	13301.3332	2336.266
RLG_Surya	14476	1.932	3.456	1.631	1.632	2.316	1.485	11.243	1.368	9.631	0.000	1.125	1.573	3.116	1.6316	3.377
RLG_WHAM	19025	3294.996	2183.813	2788.309	2009.903	3011.285	2273.099	3012.979	2542.580	3135.344	2295.567	2516.802	2532.114	2633.066	2542.5802	394.489
RLG_Wilma	10150	4547.320	2656.581	3754.050	2645.741	3907.088	2721.147	3299.976	3079.602	3422.623	2908.628	2891.447	2808.216	3220.202	3079.6023	566.920
RLG_Yasmin	159	0.000	0.000	0.000	0.000	0.000	0.000	0.000	0.000	0.000	0.000	0.000	0.000	0.000	0.0000	0.000
RLG_Zuhra	3257	0.000	0.000	0.000	0.000	0.000	0.000	0.000	0.000	14.269	0.000	0.000	6.990	1.772	0.0000	4.231
RLX_Abana	5645	282.454	155.087	138.011	309.614	195.968	289.377	461.304	378.978	423.992	237.481	473.158	375.069	310.041	309.6140	109.744
RLX_Abra	12931	32.449	15.475	9.129	27.398	23.332	19.946	12.586	13.787	12.579	18.431	7.557	7.042	16.642	15.4749	7.627
RLX_Dacia	1833	0.000	0.000	38.639	12.885	0.000	23.452	0.000	21.613	38.031	0.000	0.000	12.420	12.253	12.4202	14.361
RLX_Eway	1987	4265.623	3826.892	4360.445	5313.278	4234.580	5127.379	6798.477	5951.551	6654.239	4572.804	5344.120	5385.081	5152.872	5313.2777	916.060
RLX_Ginger	12801	303.745	162.183	186.269	243.547	314.248	231.713	147.484	167.122	157.928	107.052	72.520	87.145	181.746	167.1220	75.041
RLX_Gujog	6861	1312.823	1319.750	1414.220	1628.271	1123.763	1782.542	2846.592	2433.850	3021.074	1884.443	3145.248	2691.074	2050.304	1884.4428	704.217
RLX_Iona	269	13310.530	6880.973	11233.634	9394.731	11464.893	8789.322	10648.582	9646.565	11575.413	11074.608	11685.075	12525.691	10685.835	11233.6339	1681.870
RLX_Jizheng	6858	32.631	83.888	30.982	158.421	24.440	150.438	256.305	167.527	230.407	156.382	201.859	136.106	135.782	156.3816	74.565
RLX_Martin	1972	0.000	0.000	0.000	0.000	0.000	0.000	0.000	0.000	0.000	0.000	0.000	0.000	0.000	0.0000	0.000
RLX_Michelle	1393	0.000	17.956	0.000	0.000	0.000	0.000	23.367	0.000	16.681	0.000	0.000	16.343	6.196	0.0000	8.913
RLX_Ronda	2013	83.377	99.407	35.184	117.330	66.612	74.743	161.703	147.605	184.697	88.795	242.719	260.122	130.191	117.3300	67.684
RLX_Varna	8633	311.062	133.280	251.587	196.981	248.515	156.853	407.215	355.651	398.368	286.416	205.632	239.978	265.962	251.5873	85.183
RLX_Veju	2756	2892.699	1969.477	2449.906	2570.957	2542.152	2363.080	2397.608	2170.608	2369.251	2064.595	2156.950	2048.636	2332.993	2369.2510	254.314
RLX_Xalax	4388	133.872	62.704	166.785	86.120	84.035	117.560	148.363	94.800	105.912	88.259	89.078	57.071	102.880	94.7996	31.828
