ID	len	Scer_RF_1	Scer_RF_2	Scer_RF_3	Scer_RF_4	Scer_RF_5	Scer_RF_6	Scer_RF_7	Scer_RF_8	Scer_RF_9	Scer_RF_10	Scer_RF_11	Scer_RF_12	avg	median	STD
RLC_Ada	6113	440.051	359.623	509.492	336.274	177.408	128.959	873.994	693.123	589.834	354.704	285.980	206.448	412.991	359.6234	212.017
RLC_Ale	5127	2.948	2.537	0.000	0.000	0.000	2.521	0.000	0.000	0.000	0.000	0.000	0.000	0.667	0.0000	1.160
RLC_Angela	25985	1457.456	1109.835	787.970	612.455	393.666	304.869	592.319	459.289	1414.174	1148.422	987.675	725.107	832.770	787.9696	371.886
RLC_Bianca	6711	22.519	13.568	104.365	84.976	8.735	9.629	6.943	0.000	45.288	43.810	21.890	15.044	31.397	21.8905	31.448
RLC_Claudia	7657	31.579	16.989	36.978	27.713	42.108	27.005	748.466	596.061	180.420	134.390	23.023	21.426	157.180	36.9777	237.443
RLC_HORPIA2	5134	373.839	309.115	478.932	519.226	245.492	183.756	547.554	501.546	651.184	532.103	286.146	255.648	407.045	478.9316	143.136
RLC_Herman	5712	2.646	2.277	7.827	9.287	92.365	85.975	10.876	11.926	29.023	34.315	0.000	0.000	23.876	10.8762	30.987
RLC_Hopscotch	3154	4.792	16.497	33.074	33.639	0.000	0.000	14.773	8.639	8.760	3.884	13.973	4.001	11.836	8.7602	10.937
RLC_Ida	4091	3.694	3.180	10.928	6.484	7.165	9.477	0.000	0.000	16.884	11.978	0.000	0.000	5.816	6.4836	5.393
RLC_Inga	13838	134.329	89.303	48.460	48.878	60.367	43.893	54.995	56.118	75.873	74.362	57.328	49.248	66.096	57.3277	24.281
RLC_Liuling	4928	0.000	0.000	0.000	0.000	0.000	0.000	0.000	0.000	5.607	2.486	0.000	0.000	0.674	0.0000	1.637
RLC_Oref	4983	0.000	0.000	2.991	7.984	2.941	0.000	3.117	0.000	2.772	2.458	2.948	2.533	2.312	2.7724	2.155
RLC_TAR1	6488	58.233	36.089	32.156	36.794	70.024	47.805	126.873	228.887	123.498	75.526	18.114	31.122	73.760	58.2326	57.534
RLG_Abbie	7090	0.000	9.174	4.204	1.871	20.670	18.228	24.096	32.667	21.433	17.278	10.360	3.560	13.628	17.2783	9.839
RLG_Abia	17242	1317.372	1006.431	1735.488	1373.756	464.938	394.251	2346.522	2014.916	1769.914	1488.481	1071.005	801.478	1315.379	1373.7562	574.461
RLG_Abiba	14580	214.560	110.632	170.689	146.448	128.661	86.865	187.482	108.394	374.269	218.455	198.496	94.348	169.942	170.6885	76.046
RLG_Abigail	39667	1117.047	871.648	1317.504	1093.621	1397.663	1178.079	679.712	534.423	538.424	409.198	626.265	485.820	854.117	871.6483	336.615
RLG_Abilene	6304	2.397	8.254	0.000	6.311	9.299	12.300	7.391	25.934	4.383	25.262	4.661	16.015	10.184	8.2539	8.009
RLG_Adara	12928	4.676	0.000	0.000	0.000	4.534	0.000	7.208	0.000	2.137	0.000	0.000	0.000	1.546	0.0000	2.420
RLG_Cereba	15628	1935.966	1336.773	2492.572	1868.658	947.138	718.607	1429.091	1073.147	1968.615	1447.806	1796.391	1234.723	1520.791	1447.8058	484.479
RLG_Daniela	13686	101.589	98.849	151.350	117.253	140.278	116.146	87.381	64.706	240.239	206.768	85.873	62.704	122.761	116.1459	52.175
RLG_Demeter	688	219.659	94.536	0.000	38.553	63.904	169.055	90.298	118.814	60.239	106.834	149.470	55.030	97.199	94.5360	58.200
RLG_Derami	8956	227.802	137.983	104.827	97.734	145.637	135.640	254.922	211.449	323.928	213.382	213.242	188.823	187.947	211.4488	63.558
RLG_Egug	8084	153.294	107.811	165.906	114.838	478.600	338.910	115.273	101.118	228.993	159.114	74.508	73.373	175.978	153.2938	115.591
RLG_Fatima	19445	60.621	56.863	45.982	32.056	21.857	21.932	70.288	50.446	90.228	67.410	29.465	30.504	48.138	50.4463	20.759
RLG_Haight	13085	0.000	0.000	0.000	0.000	0.000	0.000	0.000	0.000	0.000	0.000	0.000	0.000	0.000	0.0000	0.000
RLG_Hawi	12249	572.472	297.353	480.554	396.275	2324.703	1101.476	678.356	350.360	748.879	495.053	591.276	295.697	694.371	572.4721	537.095
RLG_Heidi	1577	57.498	49.492	264.589	151.376	92.932	49.169	68.940	51.835	175.203	100.985	46.578	80.026	99.052	80.0265	63.838
RLG_Ifis	14015	4.313	5.569	13.823	6.624	12.548	16.598	3.325	2.916	8.871	9.615	2.096	2.701	7.417	6.6240	4.653
RLG_Latidu	15745	196.765	80.139	139.130	83.389	880.529	494.937	232.795	111.622	288.667	124.487	171.680	92.177	241.360	171.6797	222.886
RLG_Laura	12404	52.389	18.877	67.278	49.183	142.962	79.182	36.311	21.967	119.170	57.281	48.559	16.279	59.120	52.3894	37.326
RLG_Lila	15160	0.997	1.716	3.932	0.875	13.534	9.377	9.220	4.493	12.758	8.889	4.845	2.497	6.094	4.8452	4.303
RLG_Lisa	14724	3.079	7.068	10.121	9.908	0.000	0.000	3.164	3.701	0.938	0.832	4.989	3.429	3.936	3.4285	3.367
RLG_Nusif	19580	0.772	0.000	1.522	0.677	32.933	21.121	3.173	0.000	0.000	0.626	0.000	0.000	5.069	0.6773	10.150
RLG_Olivia	5898	20.498	0.000	7.580	4.497	44.726	35.058	2.633	0.000	0.000	0.000	4.982	0.000	9.998	4.4972	14.605
RLG_Quinta	9205	556.561	387.206	558.523	387.565	678.236	550.348	951.612	740.032	895.972	711.995	580.927	398.965	616.495	580.9267	178.769
RLG_Romana	10371	5.829	5.017	30.175	15.345	8.479	6.231	5.990	7.882	18.649	17.718	5.666	2.434	10.785	7.8820	7.735
RLG_Romani	10920	1.384	2.382	5.459	1.214	42.946	16.568	76.803	47.410	12.651	3.365	1.345	2.311	17.820	5.4586	23.580
RLG_Sabrina	22359	3357.888	2185.770	2981.206	2143.046	784.580	496.496	2732.666	1720.746	4140.912	2656.725	2089.385	1282.958	2214.365	2185.7701	1008.285
RLG_Sumana	12483	61.743	27.094	105.053	61.620	891.083	671.894	85.849	40.382	81.895	58.882	88.264	41.450	184.601	81.8949	271.509
RLG_Sumaya	13744	162.737	122.093	240.705	176.585	2230.714	1387.869	274.598	159.594	298.529	195.199	147.506	117.534	459.472	195.1991	630.018
RLG_Surya	14476	0.000	0.000	0.000	0.000	0.000	0.000	0.000	0.000	0.000	0.000	0.000	0.000	0.000	0.0000	0.000
RLG_WHAM	19025	609.267	449.217	697.125	552.098	590.064	404.173	368.177	260.664	776.968	564.061	488.791	331.673	507.690	552.0983	146.233
RLG_Wilma	10150	1914.749	1257.241	2658.874	1970.385	1095.900	812.325	2535.485	1744.945	3571.427	2404.197	1751.310	1120.274	1903.093	1914.7492	759.909
RLG_Yasmin	159	0.000	0.000	0.000	0.000	0.000	0.000	0.000	0.000	0.000	0.000	0.000	0.000	0.000	0.0000	0.000
RLG_Zuhra	3257	0.000	0.000	0.000	0.000	0.000	0.000	0.000	0.000	0.000	0.000	0.000	0.000	0.000	0.0000	0.000
RLX_Abana	5645	66.929	101.392	65.997	138.613	23.365	36.630	16.508	38.615	44.051	60.763	41.639	73.776	59.023	60.7632	32.895
RLX_Abra	12931	379.829	139.829	238.552	85.126	23.800	17.989	636.573	290.791	340.802	94.736	337.418	158.106	228.629	238.5523	172.086
RLX_Dacia	1833	65.957	198.706	40.649	28.941	223.867	197.411	160.989	200.681	4220.555	3809.423	96.175	302.939	795.524	198.7061	1444.331
RLX_Eway	1987	4685.110	2690.665	9449.702	6961.492	2736.348	2341.423	4549.144	4017.947	5012.811	4112.205	4532.171	2724.738	4484.480	4532.1713	1945.812
RLX_Ginger	12801	207.781	166.654	554.126	393.691	280.490	180.711	44.891	46.829	46.405	34.451	268.544	194.217	201.566	194.2172	151.152
RLX_Gujog	6861	0.000	0.000	0.000	0.000	384.486	308.910	2.264	1.986	0.000	8.928	0.000	0.000	58.881	0.0000	129.660
RLX_Iona	269	505.623	773.719	609.377	591.623	5557.037	3410.996	2771.364	3190.750	2105.598	819.723	709.962	234.576	1773.362	819.7229	1577.956
RLX_Jizheng	6858	6.611	1.897	8.692	17.404	27.781	24.497	20.382	17.879	46.331	37.512	12.853	14.722	19.713	17.8793	12.264
RLX_Martin	1972	7.664	26.386	30.227	33.626	59.454	72.088	70.883	34.544	63.049	105.606	52.148	6.400	46.839	52.1477	27.853
RLX_Michelle	1393	0.000	0.000	10.698	0.000	0.000	0.000	11.149	0.000	0.000	0.000	0.000	0.000	1.821	0.0000	4.072
RLX_Ronda	2013	0.000	0.000	0.000	0.000	29.121	57.779	0.000	33.840	0.000	42.599	0.000	6.269	14.134	0.0000	19.976
RLX_Varna	8633	22.757	9.041	17.262	18.435	115.436	61.376	19.790	18.938	22.403	9.933	10.210	7.309	27.741	18.9376	29.726
RLX_Veju	2756	2730.782	1194.145	4925.889	2723.661	1010.345	769.024	1842.778	1102.377	2897.294	1342.377	2201.479	1098.999	1986.596	1842.7783	1143.130
RLX_Xalax	4388	0.000	0.000	0.000	3.022	3.340	2.945	0.000	0.000	0.000	0.000	3.348	0.000	1.055	0.0000	1.495
